th      AExpCC     CGC     CGCQPBOI     MCR     MCI   PlanarCC      KL      MedAExpCC     MedCGC     MedCGCQPBOI     MedMCR     MedMCI   MedPlanarCC      MedKL  
0.1000  1.2349  0.3540  4.3198  26.8753  9.2971  2.0700  0.3505  0.6788  0.1926  0.8264  6.4376  2.5870  1.8095  0.1715  
0.2000  1.8590  0.4686  5.9751  12.3402  41.0318  3.1592  0.7685  0.9150  0.2191  0.6317  2.7640  1.9126  2.4765  0.4135  
0.3000  2.4327  0.4390  4.5892  5.9233  3.1819  4.1865  1.2908  1.1640  0.2082  0.7442  1.5301  1.7854  3.0136  0.7307  
0.4000  3.5493  0.3771  3.0129  2.9333  2.3781  5.3673  1.9681  1.4089  0.2003  0.6136  0.8256  1.1189  3.9937  0.8087  
0.5000  3.9033  0.3102  1.6465  1.4310  1.6283  6.1871  2.2199  1.7639  0.1747  0.3773  0.4197  1.0192  4.1921  0.6802  
0.6000  3.3785  0.2542  1.3805  0.7479  1.0294  7.9115  1.8555  1.7123  0.1496  0.2421  0.1345  0.6316  5.4189  0.6257  
0.7000  2.7515  0.2150  1.2478  0.4046  0.8301  8.6901  0.8764  1.4562  0.1328  0.1283  0.0634  0.5781  5.4642  0.3135  
0.8000  1.6931  0.1280  1.0009  0.1550  0.5136  10.1970  0.4910  0.9953  0.0869  0.0663  0.0237  0.4047  6.7240  0.1572  
0.9000  0.8035  0.0584  0.0476  0.0181  0.2156  6.6989  0.1936  0.5844  0.0444  0.0323  0.0070  0.0991  3.7926  0.0565  
